3.85;9.159422418725562
10.75861132346567;44.35
22.91997209221523;24.950000000000003
18.55;25.349538236132137
31.150000000000002;36.40733794367962
4.577047291521004;2.45
20.168928779219506;24.55
17.650000000000002;12.910970875614119
4.7;17.411845277364
30.10627608889756;43.0
1.098280559314233;3.25
31.8;25.75864618611279
13.871543580019484;41.35
31.3;37.659939295851046
3.1958560525118367;26.25
19.450000000000003;44.97894163173301
3.8000000000000003;14.623048054283554
23.89505816947772;1.9500000000000002
3.298631057216536;3.0
4.318909786039098;45.650000000000006
17.900000000000002;1.007513450709434
31.55;23.86940558327567
2.789235471519256;24.700000000000003
3.5500000000000003;1.0405542858086587
1.3;7.265331851140285
0.7643171767406312;42.150000000000006
4.474728592415946;1.9000000000000001
32.300000000000004;8.570236790394206
32.60745873291925;27.950000000000003
16.900000000000002;41.74654629993382
20.11857644916733;25.85
3.35;38.196222171301294
68.4204003891013;42.35
31.85;42.37828178534438
15.9;2.1009070515057147
14.686095841746004;2.6500000000000004
32.4;16.15945383433978
18.2;24.444306142274858
30.403784524763054;43.6
21.051468984191764;26.35
1.4000000000000001;39.81038263329984
8.624787272630156;1.6500000000000001
17.179606165158255;27.85
29.2017150732468;42.650000000000006
3.95;45.56982638507033
32.800000000000004;29.34848163032533
17.3;28.823379541476356
5.249435285691386;4.1000000000000005
18.55;5.925424314899735
7.953807887840943;4.3
11.508009834939864;25.85
18.04901909112197;41.7
31.25;13.282603763998171
3.1500000000000004;7.917238563662151
32.15;13.718798590438041
2.8000000000000003;7.041811753507755
12.581086497793367;42.85
19.200000000000003;7.279575167639557
23.12769251479168;2.9000000000000004
21.68023116896293;24.150000000000002
2.2;20.494098539167346
8.202509380398114;26.1
17.25;33.65221341114156
31.3;40.53966130565822
34.35395943089118;42.7
31.72906925202071;3.7
31.948073926783724;44.85
17.95;3.7200259436195173
1.7000000000000002;0.8381396913645032
26.16564182799093;2.1
29.700000000000003;90.81760245306884
5.621018436595297;25.8
32.15559000170898;25.700000000000003
0.6632566918255918;41.95
17.05;39.67089605098068
1.4500000000000002;28.126673316896074
32.35;34.92708075059082
0.5219882918949197;1.85
6.323378298796699;43.550000000000004
30.227163057653737;1.75
1.4000000000000001;6.012581253750131
17.55;44.71007675895141
29.69252083539804;25.35
32.2;6.2702402756573745
31.3;20.393541140467747
2.9000000000000004;0.19698474954953094
16.11513465826511;24.5
2.2316106483140388;2.5500000000000003
16.75;14.669445740676448
68.09523592253561;42.75
31.700000000000003;41.72531471696147
10.956121369079753;25.75
2.2;4.742042614894499
17.95;44.576785228426864
30.208569969487247;2.7
68.91771801824828;43.650000000000006
18.150000000000002;44.791799155146364
68.94216489424257;42.800000000000004
0.5477412708263252;24.75
30.400000000000002;14.535632510635565
3.75;44.27246601292653
6.230562545655467;1.9000000000000001
26.464864216767353;41.050000000000004
3.3000000000000003;37.31526667901515
4.465758193773184;4.75
32.09622417794451;25.1
31.950000000000003;40.325859798067114
18.7;8.930074917655112
17.0;14.575799820220931
7.997748742556372;25.0
28.712419135242342;2.25
31.650000000000002;3.1326678762241613
2.0998966670660146;42.85
2.25;5.629433897793863
31.55;10.449857077649101
16.3;44.83097506957415
26.150129927615204;43.650000000000006
2.95;19.584426715372132
30.868199267691736;3.0
29.41814359042947;27.0
3.707452669043656;2.5
3.1;11.019970179606798
31.6;15.676130039270848
8.592648009796001;26.200000000000003
33.94723586968364;44.0
15.700000000000001;15.502341876740022
3.6500000000000004;5.855086569215565
20.3;31.949949905878746
15.296639774317532;25.0
33.768771005126716;41.85
26.09457301688465;3.5
32.35;10.00416216238086
20.150000000000002;0.49113540732600147
13.68293178754108;41.900000000000006
1.8;19.38364688233155
27.4751247794579;26.05
31.85;18.828593334722754
29.847097688488123;2.75
10.210242867996268;41.6
16.650000000000002;36.47296869219912
16.45680737746583;2.6500000000000004
31.05;7.732946215543617
2.15;4.884346481236594
19.942247374302337;25.0
4.7;42.70041877102798
0.06248214161553134;41.800000000000004
18.07034445371634;26.05
16.35;45.231671364975355
31.0;3.5738685099214242
1.360417012088221;3.6500000000000004
67.83984190333969;27.400000000000002
17.35;5.892377371959791
1.4000000000000001;39.77451344161613
8.409045729305385;43.85
28.13510015051229;2.15
31.150000000000002;43.54821630543948
5.656784447146926;43.85
31.6;8.766844159089429
68.57464350874606;25.950000000000003
18.900000000000002;44.5325564105994
4.75;30.76736638739471
1.6551266704828738;3.85
8.955800506994098;5.15
33.040380777410654;43.650000000000006
19.05;5.216741864588501
31.3;35.0119397762723
29.434425036886235;25.25
4.2;44.80324934438359
3.4000000000000004;42.66369539659585
33.742470438425755;43.5
10.966033150322442;2.75
32.5;16.585704014302518
5.551280256099014;26.75
19.25;41.14334301307256
11.544981747189286;25.450000000000003
3.6500000000000004;45.76676659182472
15.48957958030173;43.25
32.800000000000004;1.9359410444032363
18.6;38.067173433079496
26.6527648835023;5.25
32.9;40.698991260513225
16.0;89.93182709394765
0.05455708793752145;42.7
0.3634105447224944;25.700000000000003
2.85;29.226961936075725
34.17169689579972;2.25
0.27621677369523245;26.75
2.26165786174814;41.85
2.45;44.181622863483405
31.650000000000002;40.740801414069864
19.6;43.16666467659847
0.23564341908996944;3.45
16.85;12.786146995198358
11.012652976689468;2.4000000000000004
30.964617091040957;27.5
7.926115516357795;42.75
32.800000000000004;6.133257244355717
3.5500000000000003;8.018610626186058
31.05;7.525313047104035
1.7000000000000002;2.1140359437506095
7.16462196691403;43.45
19.400000000000002;6.561095204895581
30.74573526433938;3.5500000000000003
11.139593101491089;27.3
3.35;31.26143369809814
20.07227031149505;24.950000000000003
16.150000000000002;45.57351093689751
33.1;7.324907611817366
6.301877209006035;44.550000000000004
27.201031797885847;3.35
28.764600164492233;43.150000000000006
18.35;4.231789932433616
1.05;38.838584845106425
4.267483068597359;3.35
32.75;39.419498129115915
3.6325046080913364;27.900000000000002
26.238071145733823;26.0
18.72543241646127;42.5
18.5;0.14657888619997111
2.25;5.787045523174886
31.25;30.443402142858424
27.462358523539393;1.9000000000000001
8.762814827318593;42.95
26.795628938644356;2.8000000000000003
3.0500000000000003;5.527585249051299
18.150000000000002;1.5622059882395423
1.556434305045654;24.700000000000003
30.35;6.102092695674718
32.75;38.96090563850225
2.45;43.71082585824578
33.10169494987389;28.1
0.3611246190911803;4.3
20.5;31.2171903136707
5.934478640801045;43.7
32.35;36.76211906963551
8.999431891005854;25.6
1.85;36.003723117620325
17.75;14.664359386235663
22.854183797428355;3.8000000000000003
4.78754693660536;44.150000000000006
17.25;11.424533305580125
68.89349184239484;45.7
5.088228723506685;26.3
32.65;3.4666603412781782
1.6;39.699513675544125
33.50405034222821;2.9000000000000004
9.107484956545923;41.25
3.75;41.78377743428044
1.5735239999484394;1.9500000000000002
13.376559803509704;26.450000000000003
30.900000000000002;1.478011515818455
16.75;4.6729919452512405
18.150000000000002;16.721711927261904
13.16677715410243;24.8
66.98824320513677;2.6500000000000004
32.65;91.116407800848
27.672850692831236;41.85
3.5500000000000003;32.59975331084891
32.95;9.030503704101978
20.85;1.6971088352762735
12.470287763986676;43.6
2.25;32.81979044301074
67.41985291484814;2.85
68.30240492987897;25.35
28.03687864557711;4.3
1.9000000000000001;37.76866735760663
32.25;3.0941573337020873
19.690247123403342;26.950000000000003
33.6531057152968;41.650000000000006
16.900000000000002;16.48998327214948
2.3000000000000003;45.65047772530404
15.950000000000001;1.2326793119472437
9.490109218162482;25.450000000000003
68.81377670899595;43.1
66.96626755935571;3.95
31.650000000000002;45.007847169420415
17.25;41.98696210038207
19.61145238947625;44.1
2.0;12.402704117255512
3.7894495309825382;26.900000000000002
32.1;0.43790749229168613
0.1364863543235385;1.6
0.4410532591716605;42.550000000000004
16.6;5.042059892447261
33.093876985290954;2.5
31.35;17.370968717318664
2.0500000000000003;22.75343217224166
32.39816200972224;26.700000000000003
